0.0005288926186040044
0.0004978226497769356
0.0004768316284753382
0.00045673546264879405
0.00043753418140113354
0.0004207184538245201
0.00040282969712279737
0.000385835679480806
0.00037212143070064485
0.00035769183887168765
0.00034731696359813213
0.0003362267161719501
0.0003241825907025486
0.00031380809377878904
0.00030259895720519125
0.0002929997572209686
0.00028560662758536637
0.00027833282365463674
0.0002683165075723082
0.00026151977363042533
0.0002549615746829659
0.0002485226432327181
0.00024399156973231584
0.00023779120238032192
0.00023016001796349883
0.0002233635459560901
0.00021919030405115336
0.00021358624508138746
0.00020965150906704366
0.00020523984858300537
0.00020142438006587327
0.0001977281499421224
0.0001927203848026693
0.00018783187260851264
0.0001842549245338887
0.00018091646779794246
0.00017745877266861498
0.00017292801931034774
0.00017179534188471735
0.0001673838560236618
0.00016547618724871427
0.00016118395433295518
0.00015891861403360963
0.00015593790158163756
0.00015307644207496196
0.00015021498256828636
0.00014806889521423727
0.00014628049393650144
0.0001435382873751223
0.00014151143841445446
0.00013984227553009987
0.00013626550207845867
0.00013531169679481536
0.0001328079670201987
0.00012935044651385397
0.00012935044651385397
0.00012601216440089047
0.00012458146375138313
0.00012279310612939298
0.00012124319619033486
0.00012040862930007279
0.00011814338358817622
0.0001164742570836097
0.0001150435782619752
0.00011289757094345987
0.00011206301132915542
0.0001100362278521061
0.00010920166823780164
0.00010717489203670993
0.00010562501120148227
0.00010514812311157584
0.000104313570773229
0.00010240602568956092
0.00010157147335121408
0.00010037925676442683
9.894860704662278e-05
9.716029308037832e-05
9.64449645834975e-05
9.596808376954868e-05
9.453743405174464e-05
9.346444858238101e-05
9.27491273614578e-05
9.096082794712856e-05
9.036472329171374e-05
8.929174509830773e-05
8.798032649792731e-05
8.798032649792731e-05
8.690734830452129e-05
8.571515354560688e-05
8.464217535220087e-05
8.404607797274366e-05
8.309232362080365e-05
8.237700967583805e-05
8.178091957233846e-05
8.082716522039846e-05
7.963497773744166e-05
7.868122338550165e-05
7.820434984751046e-05
7.760825974401087e-05
7.725060277152807e-05
7.665451266802847e-05
7.522389205405489e-05
7.46278019505553e-05
7.41509284125641e-05
7.319718133658171e-05
7.319718133658171e-05
7.212421769509092e-05
7.128969446057454e-05
7.081282819854096e-05
7.081282819854096e-05
6.985908112255856e-05
6.938221486052498e-05
6.80708180880174e-05
6.80708180880174e-05
6.759395182598382e-05
6.675942859146744e-05
6.628256232943386e-05
6.580569606740028e-05
6.49711728328839e-05
6.449430657085031e-05
6.449430657085031e-05
6.330213363980874e-05
6.282526737777516e-05
6.282526737777516e-05
6.210996798472479e-05
6.163310172269121e-05
6.115623546065763e-05
6.0679369198624045e-05
6.0440936067607254e-05
5.996406980557367e-05
5.948720354354009e-05
5.841425809194334e-05
5.841425809194334e-05
5.793739182990976e-05
5.769896233687177e-05
5.722209607483819e-05
5.6864446378313005e-05
5.614915062324144e-05
5.579150456469506e-05
5.5314641940640286e-05
5.5314641940640286e-05
5.459934618556872e-05
5.4241696489043534e-05
5.4241696489043534e-05
5.364562093745917e-05
5.3168758313404396e-05
5.281110861687921e-05
5.245346255833283e-05
5.221503306529485e-05
5.173817044124007e-05
5.173817044124007e-05
5.138052438269369e-05
5.078444519313052e-05
5.0426799134584144e-05
5.0426799134584144e-05
5.006915671401657e-05
4.94730775244534e-05
4.911543510388583e-05
4.911543510388583e-05
4.8519359552301466e-05
4.840014298679307e-05
4.816171349375509e-05
4.780406743520871e-05
4.7207991883624345e-05
4.685034946305677e-05
4.685034946305677e-05
4.6492703404510394e-05
4.625427391147241e-05
4.589663149090484e-05
4.589663149090484e-05
4.553898543235846e-05
4.5181343011790887e-05
4.470448402571492e-05
4.470448402571492e-05
4.434683796716854e-05
4.434683796716854e-05
4.4108408474130556e-05
4.3512336560525e-05
4.3512336560525e-05
4.315469413995743e-05
4.267783515388146e-05
4.267783515388146e-05
4.232019273331389e-05
4.232019273331389e-05
4.1962550312746316e-05
4.184333738521673e-05
4.184333738521673e-05
4.1485694964649156e-05
4.08896230510436e-05
4.041276406496763e-05
4.041276406496763e-05
4.041276406496763e-05
4.041276406496763e-05
4.005512528237887e-05
3.95782662963029e-05
3.95782662963029e-05
3.933984044124372e-05
3.933984044124372e-05
3.898219802067615e-05
3.850534267257899e-05
3.850534267257899e-05
3.826691317954101e-05
3.826691317954101e-05
3.802848732448183e-05
3.7790057831443846e-05
3.743241904885508e-05
3.743241904885508e-05
3.71939895558171e-05
3.671713420771994e-05
3.671713420771994e-05
3.671713420771994e-05
3.647870835266076e-05
3.647870835266076e-05
3.6240282497601584e-05
3.576342714950442e-05
3.576342714950442e-05
3.552499765646644e-05
3.552499765646644e-05
3.552499765646644e-05
3.5048145946348086e-05
3.480972009128891e-05
3.480972009128891e-05
3.4571290598250926e-05
3.4571290598250926e-05
3.409443888813257e-05
3.409443888813257e-05
3.3856013033073395e-05
3.3856013033073395e-05
3.361758354003541e-05
3.361758354003541e-05
3.3379157684976235e-05
3.314073182991706e-05
3.314073182991706e-05
3.290230597485788e-05
3.2663880119798705e-05
3.254466719226912e-05
3.230623769923113e-05
3.230623769923113e-05
3.230623769923113e-05
3.2067811844171956e-05
3.2067811844171956e-05
3.194859891664237e-05
3.171017306158319e-05
3.1471747206524014e-05
3.1471747206524014e-05
3.123332135146484e-05
3.123332135146484e-05
3.0756469641346484e-05
3.0756469641346484e-05
3.051804378628731e-05
3.051804378628731e-05
3.051804378628731e-05
3.039883085875772e-05
3.0160405003698543e-05
3.0160405003698543e-05
2.9921979148639366e-05
2.9921979148639366e-05
2.9802766221109778e-05
2.95643403660506e-05
2.9325914510991424e-05
2.9206701583461836e-05
2.9206701583461836e-05
2.9206701583461836e-05
2.9206701583461836e-05
2.9206701583461836e-05
2.8968277547392063e-05
2.8729851692332886e-05
2.8610638764803298e-05
2.837221290974412e-05
2.837221290974412e-05
2.8133788873674348e-05
2.8133788873674348e-05
2.801457594614476e-05
2.7776150091085583e-05
2.7776150091085583e-05
2.7656937163555995e-05
2.7537724236026406e-05
2.7537724236026406e-05
2.741851312748622e-05
2.7299300199956633e-05
2.7299300199956633e-05
2.7299300199956633e-05
2.7060874344897456e-05
2.6822450308827683e-05
2.6703237381298095e-05
2.6464813345228322e-05
2.6464813345228322e-05
2.6464813345228322e-05
2.6345600417698734e-05
2.6345600417698734e-05
2.6345600417698734e-05
2.6107174562639557e-05
2.5987963454099372e-05
2.5987963454099372e-05
2.5749537599040195e-05
2.5749537599040195e-05
2.563032649050001e-05
2.5391900635440834e-05
2.5391900635440834e-05
2.527268952690065e-05
2.527268952690065e-05
2.5034263671841472e-05
2.5034263671841472e-05
2.5034263671841472e-05
2.4915052563301288e-05
2.4915052563301288e-05
2.47958396357717e-05
2.4557415599701926e-05
2.4557415599701926e-05
2.4557415599701926e-05
2.4438202672172338e-05
2.4199778636102565e-05
2.4080565708572976e-05
2.396135460003279e-05
2.396135460003279e-05
2.396135460003279e-05
2.396135460003279e-05
2.396135460003279e-05
2.372293056396302e-05
2.372293056396302e-05
2.372293056396302e-05
2.3484506527893245e-05
2.3246082491823472e-05
2.3246082491823472e-05
2.3246082491823472e-05
2.3246082491823472e-05
2.3126869564293884e-05
2.3126869564293884e-05
2.288844552822411e-05
2.2769234419683926e-05
2.2769234419683926e-05
2.2650021492154337e-05
2.2650021492154337e-05
2.2650021492154337e-05
2.2650021492154337e-05
2.2411597456084564e-05
2.229238634754438e-05
2.217317342001479e-05
2.217317342001479e-05
2.217317342001479e-05
2.217317342001479e-05
2.2053962311474606e-05
2.2053962311474606e-05
2.2053962311474606e-05
2.2053962311474606e-05
2.1696325347875245e-05
2.1696325347875245e-05
2.157711423933506e-05
2.157711423933506e-05
2.157711423933506e-05
2.157711423933506e-05
2.1457903130794875e-05
2.1219479094725102e-05
2.1100266167195514e-05
2.1100266167195514e-05
2.1100266167195514e-05
2.098105505865533e-05
2.098105505865533e-05
2.098105505865533e-05
2.098105505865533e-05
2.0861843950115144e-05
2.0861843950115144e-05
2.0742631022585556e-05
2.0384995877975598e-05
2.0384995877975598e-05
2.0384995877975598e-05
2.0384995877975598e-05
2.0265784769435413e-05
2.0265784769435413e-05
2.0265784769435413e-05
2.014657366089523e-05
2.014657366089523e-05
2.014657366089523e-05
2.002736073336564e-05
2.002736073336564e-05
1.9908149624825455e-05
1.978893851628527e-05
1.978893851628527e-05
1.978893851628527e-05
1.978893851628527e-05
1.9550514480215497e-05
1.9431303371675313e-05
1.9431303371675313e-05
1.9431303371675313e-05
1.9431303371675313e-05
1.9431303371675313e-05
1.9312092263135128e-05
1.919287933560554e-05
1.919287933560554e-05
1.9073668227065355e-05
1.9073668227065355e-05
1.895445711852517e-05
1.895445711852517e-05
1.895445711852517e-05
1.895445711852517e-05
1.895445711852517e-05
1.895445711852517e-05
1.8716033082455397e-05
1.8716033082455397e-05
1.8716033082455397e-05
1.8477610865375027e-05
1.8358399756834842e-05
1.8358399756834842e-05
1.8358399756834842e-05
1.8358399756834842e-05
1.8239186829305254e-05
1.8239186829305254e-05
1.811997572076507e-05
1.811997572076507e-05
1.811997572076507e-05
1.8000764612224884e-05
1.8000764612224884e-05
1.8000764612224884e-05
1.8000764612224884e-05
1.8000764612224884e-05
1.78815535036847e-05
1.78815535036847e-05
1.764313128660433e-05
1.764313128660433e-05
1.764313128660433e-05
1.764313128660433e-05
1.752391835907474e-05
1.752391835907474e-05
1.752391835907474e-05
1.7404707250534557e-05
1.7404707250534557e-05
1.7404707250534557e-05
1.7285496141994372e-05
1.7166285033454187e-05
1.7166285033454187e-05
1.7166285033454187e-05
1.7166285033454187e-05
1.7166285033454187e-05
1.7047073924914002e-05
1.7047073924914002e-05
1.6927862816373818e-05
1.6927862816373818e-05
1.6927862816373818e-05
1.6808651707833633e-05
1.6689440599293448e-05
1.6689440599293448e-05
1.6689440599293448e-05
1.6689440599293448e-05
1.657022767176386e-05
1.657022767176386e-05
1.657022767176386e-05
1.657022767176386e-05
1.657022767176386e-05
1.633180545468349e-05
1.633180545468349e-05
1.633180545468349e-05
1.6212594346143305e-05
1.6212594346143305e-05
1.6212594346143305e-05
1.609338323760312e-05
1.609338323760312e-05
1.609338323760312e-05
1.609338323760312e-05
1.5974172129062936e-05
1.585496102052275e-05
1.585496102052275e-05
1.585496102052275e-05
1.585496102052275e-05
1.585496102052275e-05
1.585496102052275e-05
1.585496102052275e-05
1.5735749911982566e-05
1.5735749911982566e-05
1.5735749911982566e-05
1.5735749911982566e-05
1.5497327694902197e-05
1.5497327694902197e-05
1.5497327694902197e-05
1.5497327694902197e-05
1.5497327694902197e-05
1.5497327694902197e-05
1.5378116586362012e-05
1.5378116586362012e-05
1.5378116586362012e-05
1.5378116586362012e-05
1.5378116586362012e-05
1.5258905477821827e-05
1.5139694369281642e-05
1.5139694369281642e-05
1.5020483260741457e-05
1.5020483260741457e-05
1.5020483260741457e-05
1.5020483260741457e-05
1.5020483260741457e-05
1.5020483260741457e-05
1.4901272152201273e-05
1.4901272152201273e-05
1.4782061043661088e-05
1.4782061043661088e-05
1.4782061043661088e-05
1.4662849935120903e-05
1.4662849935120903e-05
1.4662849935120903e-05
1.4662849935120903e-05
1.4662849935120903e-05
1.4543638826580718e-05
1.4543638826580718e-05
1.4543638826580718e-05
1.4543638826580718e-05
1.4543638826580718e-05
1.4424427718040533e-05
1.430521751899505e-05
1.430521751899505e-05
1.430521751899505e-05
1.430521751899505e-05
1.430521751899505e-05
1.430521751899505e-05
1.430521751899505e-05
1.430521751899505e-05
1.430521751899505e-05
1.406679530191468e-05
1.406679530191468e-05
1.406679530191468e-05
1.3947584193374496e-05
1.3947584193374496e-05
1.3947584193374496e-05
1.3947584193374496e-05
1.3828373084834311e-05
1.3828373084834311e-05
1.3828373084834311e-05
1.3828373084834311e-05
1.3828373084834311e-05
1.3828373084834311e-05
1.3709161976294126e-05
1.3709161976294126e-05
1.3709161976294126e-05
1.3709161976294126e-05
1.3709161976294126e-05
1.3709161976294126e-05
1.3589951777248643e-05
1.3589951777248643e-05
1.3589951777248643e-05
1.3589951777248643e-05
1.3589951777248643e-05
1.3589951777248643e-05
1.3589951777248643e-05
1.3470740668708459e-05
1.3232318451628089e-05
1.3232318451628089e-05
1.3232318451628089e-05
1.3232318451628089e-05
1.3232318451628089e-05
1.3232318451628089e-05
1.3232318451628089e-05
1.3232318451628089e-05
1.3113108252582606e-05
1.3113108252582606e-05
1.3113108252582606e-05
1.3113108252582606e-05
1.3113108252582606e-05
1.2993897144042421e-05
1.2993897144042421e-05
1.2874686035502236e-05
1.2874686035502236e-05
1.2874686035502236e-05
1.2874686035502236e-05
1.2874686035502236e-05
1.2874686035502236e-05
1.2874686035502236e-05
1.2874686035502236e-05
1.2874686035502236e-05
1.2755474926962052e-05
1.2755474926962052e-05
1.2755474926962052e-05
1.2636264727916569e-05
1.2517053619376384e-05
1.2517053619376384e-05
1.2517053619376384e-05
1.23978434203309e-05
1.23978434203309e-05
1.23978434203309e-05
1.23978434203309e-05
1.23978434203309e-05
1.23978434203309e-05
1.23978434203309e-05
1.23978434203309e-05
1.23978434203309e-05
1.23978434203309e-05
1.23978434203309e-05
1.2278632311790716e-05
1.2278632311790716e-05
1.2278632311790716e-05
1.2159421203250531e-05
1.2159421203250531e-05
1.2159421203250531e-05
1.2159421203250531e-05
1.2159421203250531e-05
1.2159421203250531e-05
1.2159421203250531e-05
1.2159421203250531e-05
1.2159421203250531e-05
1.2159421203250531e-05
1.2040211004205048e-05
1.1920999895664863e-05
1.1920999895664863e-05
1.1920999895664863e-05
1.1920999895664863e-05
1.180178969661938e-05
1.180178969661938e-05
1.180178969661938e-05
1.180178969661938e-05
1.180178969661938e-05
1.180178969661938e-05
1.180178969661938e-05
1.180178969661938e-05
1.180178969661938e-05
1.1682578588079195e-05
1.1682578588079195e-05
1.1682578588079195e-05
1.1682578588079195e-05
1.1682578588079195e-05
1.1682578588079195e-05
1.1682578588079195e-05
1.1563368389033712e-05
1.1563368389033712e-05
1.1563368389033712e-05
1.1563368389033712e-05
1.1563368389033712e-05
1.1563368389033712e-05
1.1563368389033712e-05
1.1444157280493528e-05
1.1324947081448045e-05
1.1324947081448045e-05
1.1324947081448045e-05
1.1324947081448045e-05
1.1324947081448045e-05
1.1324947081448045e-05
1.120573597290786e-05
1.120573597290786e-05
1.120573597290786e-05
1.120573597290786e-05
1.120573597290786e-05
1.120573597290786e-05
1.120573597290786e-05
1.120573597290786e-05
1.120573597290786e-05
1.120573597290786e-05
1.1086525773862377e-05
1.1086525773862377e-05
1.1086525773862377e-05
1.1086525773862377e-05
1.1086525773862377e-05
1.1086525773862377e-05
1.0967314665322192e-05
1.0967314665322192e-05
1.0967314665322192e-05
1.0967314665322192e-05
1.0967314665322192e-05
1.0967314665322192e-05
1.0848104466276709e-05
1.0848104466276709e-05
1.0848104466276709e-05
1.0728893357736524e-05
1.0728893357736524e-05
1.0728893357736524e-05
1.0728893357736524e-05
1.0728893357736524e-05
1.0728893357736524e-05
1.0728893357736524e-05
1.0728893357736524e-05
1.0728893357736524e-05
1.0728893357736524e-05
1.0728893357736524e-05
1.0609683158691041e-05
1.0609683158691041e-05
1.0609683158691041e-05
1.0609683158691041e-05
1.0609683158691041e-05
1.0490472959645558e-05
1.0490472959645558e-05
1.0490472959645558e-05
1.0490472959645558e-05
1.0490472959645558e-05
1.0490472959645558e-05
1.0490472959645558e-05
1.0490472959645558e-05
1.0490472959645558e-05
1.0371261851105373e-05
1.0371261851105373e-05
1.0371261851105373e-05
1.0371261851105373e-05
1.0371261851105373e-05
1.025205165205989e-05
1.025205165205989e-05
1.025205165205989e-05
1.025205165205989e-05
1.025205165205989e-05
1.025205165205989e-05
1.025205165205989e-05
1.025205165205989e-05
1.025205165205989e-05
1.0132840543519706e-05
1.0132840543519706e-05
1.0132840543519706e-05
1.0132840543519706e-05
1.0132840543519706e-05
1.0132840543519706e-05
1.0132840543519706e-05
1.0132840543519706e-05
1.0132840543519706e-05
1.0013630344474223e-05
1.0013630344474223e-05
1.0013630344474223e-05
9.89442014542874e-06
9.89442014542874e-06
9.89442014542874e-06
9.89442014542874e-06
9.89442014542874e-06
9.89442014542874e-06
9.89442014542874e-06
9.89442014542874e-06
9.775209946383256e-06
9.775209946383256e-06
9.775209946383256e-06
9.775209946383256e-06
9.775209946383256e-06
9.775209946383256e-06
9.775209946383256e-06
9.775209946383256e-06
9.655998837843072e-06
9.655998837843072e-06
9.655998837843072e-06
9.655998837843072e-06
9.655998837843072e-06
9.655998837843072e-06
9.655998837843072e-06
9.655998837843072e-06
9.655998837843072e-06
9.655998837843072e-06
9.655998837843072e-06
9.655998837843072e-06
9.536788638797589e-06
9.536788638797589e-06
9.536788638797589e-06
9.536788638797589e-06
9.417578439752106e-06
9.417578439752106e-06
9.417578439752106e-06
9.417578439752106e-06
9.417578439752106e-06
9.417578439752106e-06
9.417578439752106e-06
9.417578439752106e-06
9.417578439752106e-06
9.417578439752106e-06
9.298368240706623e-06
9.298368240706623e-06
9.298368240706623e-06
9.298368240706623e-06
9.298368240706623e-06
9.298368240706623e-06
9.298368240706623e-06
9.298368240706623e-06
9.298368240706623e-06
9.179157132166438e-06
9.179157132166438e-06
9.179157132166438e-06
9.179157132166438e-06
9.179157132166438e-06
9.179157132166438e-06
9.179157132166438e-06
9.179157132166438e-06
9.179157132166438e-06
9.179157132166438e-06
9.179157132166438e-06
9.179157132166438e-06
9.179157132166438e-06
9.059946933120955e-06
9.059946933120955e-06
9.059946933120955e-06
9.059946933120955e-06
9.059946933120955e-06
8.940736734075472e-06
8.940736734075472e-06
8.940736734075472e-06
8.940736734075472e-06
8.940736734075472e-06
8.940736734075472e-06
8.940736734075472e-06
8.940736734075472e-06
8.940736734075472e-06
8.821526535029989e-06
8.821526535029989e-06
8.821526535029989e-06
8.821526535029989e-06
8.821526535029989e-06
8.821526535029989e-06
8.821526535029989e-06
8.821526535029989e-06
8.821526535029989e-06
8.821526535029989e-06
8.702316335984506e-06
8.702316335984506e-06
8.702316335984506e-06
8.702316335984506e-06
8.702316335984506e-06
8.702316335984506e-06
8.702316335984506e-06
8.702316335984506e-06
8.702316335984506e-06
8.702316335984506e-06
8.702316335984506e-06
8.702316335984506e-06
8.702316335984506e-06
8.702316335984506e-06
8.702316335984506e-06
8.583106136939023e-06
8.583106136939023e-06
8.583106136939023e-06
8.583106136939023e-06
8.463895028398838e-06
8.463895028398838e-06
8.463895028398838e-06
8.463895028398838e-06
8.463895028398838e-06
8.463895028398838e-06
8.463895028398838e-06
8.463895028398838e-06
8.463895028398838e-06
8.463895028398838e-06
8.344684829353355e-06
8.344684829353355e-06
8.344684829353355e-06
8.344684829353355e-06
8.344684829353355e-06
8.344684829353355e-06
8.344684829353355e-06
8.344684829353355e-06
8.344684829353355e-06
8.344684829353355e-06
8.344684829353355e-06
8.225474630307872e-06
8.225474630307872e-06
8.225474630307872e-06
8.225474630307872e-06
8.225474630307872e-06
8.225474630307872e-06
8.225474630307872e-06
8.225474630307872e-06
8.225474630307872e-06
8.225474630307872e-06
8.225474630307872e-06
8.225474630307872e-06
8.225474630307872e-06
8.225474630307872e-06
8.225474630307872e-06
8.106264431262389e-06
8.106264431262389e-06
8.106264431262389e-06
8.106264431262389e-06
8.106264431262389e-06
8.106264431262389e-06
8.106264431262389e-06
8.106264431262389e-06
8.106264431262389e-06
8.106264431262389e-06
8.106264431262389e-06
7.987054232216906e-06
7.987054232216906e-06
7.987054232216906e-06
7.987054232216906e-06
7.987054232216906e-06
7.987054232216906e-06
7.987054232216906e-06
7.987054232216906e-06
7.987054232216906e-06
7.987054232216906e-06
7.987054232216906e-06
7.987054232216906e-06
7.987054232216906e-06
7.987054232216906e-06
7.867844033171423e-06
7.867844033171423e-06
7.867844033171423e-06
7.867844033171423e-06
7.867844033171423e-06
7.867844033171423e-06
7.867844033171423e-06
7.867844033171423e-06
7.867844033171423e-06
7.867844033171423e-06
7.867844033171423e-06
7.867844033171423e-06
7.867844033171423e-06
7.867844033171423e-06
7.74863383412594e-06
7.74863383412594e-06
7.74863383412594e-06
7.74863383412594e-06
7.74863383412594e-06
7.74863383412594e-06
7.74863383412594e-06
7.629423635080457e-06
7.629423635080457e-06
7.629423635080457e-06
7.629423635080457e-06
7.629423635080457e-06
7.629423635080457e-06
7.629423635080457e-06
7.629423635080457e-06
7.629423635080457e-06
7.629423635080457e-06
7.629423635080457e-06
7.629423635080457e-06
7.510213436034974e-06
7.510213436034974e-06
7.510213436034974e-06
7.510213436034974e-06
7.510213436034974e-06
7.510213436034974e-06
7.510213436034974e-06
7.510213436034974e-06
7.510213436034974e-06
7.510213436034974e-06
7.391003236989491e-06
7.391003236989491e-06
7.391003236989491e-06
7.391003236989491e-06
7.391003236989491e-06
7.391003236989491e-06
7.391003236989491e-06
7.391003236989491e-06
7.391003236989491e-06
7.391003236989491e-06
7.391003236989491e-06
7.391003236989491e-06
7.391003236989491e-06
7.391003236989491e-06
7.391003236989491e-06
7.391003236989491e-06
7.391003236989491e-06
7.391003236989491e-06
7.391003236989491e-06
7.391003236989491e-06
7.391003236989491e-06
7.391003236989491e-06
7.391003236989491e-06
7.271793037944008e-06
7.271793037944008e-06
7.271793037944008e-06
7.271793037944008e-06
7.271793037944008e-06
7.271793037944008e-06
7.271793037944008e-06
7.271793037944008e-06
7.271793037944008e-06
7.152582838898525e-06
7.152582838898525e-06
7.152582838898525e-06
7.152582838898525e-06
7.152582838898525e-06
7.152582838898525e-06
7.152582838898525e-06
7.152582838898525e-06
7.152582838898525e-06
7.152582838898525e-06
7.152582838898525e-06
7.152582838898525e-06
7.152582838898525e-06
7.152582838898525e-06
7.033372639853042e-06
7.033372639853042e-06
7.033372639853042e-06
7.033372639853042e-06
7.033372639853042e-06
7.033372639853042e-06
7.033372639853042e-06
7.033372639853042e-06
7.033372639853042e-06
7.033372639853042e-06
7.033372639853042e-06
7.033372639853042e-06
7.033372639853042e-06
7.033372639853042e-06
7.033372639853042e-06
7.033372639853042e-06
7.033372639853042e-06
7.033372639853042e-06
7.033372639853042e-06
7.033372639853042e-06
7.033372639853042e-06
6.9141628955549095e-06
6.9141628955549095e-06
6.9141628955549095e-06
6.9141628955549095e-06
6.9141628955549095e-06
6.7949526965094265e-06
6.7949526965094265e-06
6.7949526965094265e-06
6.7949526965094265e-06
6.7949526965094265e-06
6.7949526965094265e-06
6.7949526965094265e-06
6.7949526965094265e-06
6.7949526965094265e-06
6.7949526965094265e-06
6.7949526965094265e-06
6.7949526965094265e-06
6.7949526965094265e-06
6.7949526965094265e-06
6.7949526965094265e-06
6.7949526965094265e-06
6.7949526965094265e-06
6.7949526965094265e-06
6.7949526965094265e-06
6.7949526965094265e-06
6.7949526965094265e-06
6.7949526965094265e-06
6.6757424974639434e-06
6.6757424974639434e-06
6.6757424974639434e-06
6.6757424974639434e-06
6.6757424974639434e-06
6.6757424974639434e-06
6.6757424974639434e-06
6.6757424974639434e-06
6.6757424974639434e-06
6.6757424974639434e-06
6.6757424974639434e-06
6.6757424974639434e-06
6.6757424974639434e-06
6.6757424974639434e-06
6.6757424974639434e-06
6.6757424974639434e-06
6.6757424974639434e-06
6.55653229841846e-06
6.55653229841846e-06
6.55653229841846e-06
6.55653229841846e-06
6.55653229841846e-06
6.55653229841846e-06
6.55653229841846e-06
6.55653229841846e-06
6.55653229841846e-06
6.55653229841846e-06
6.55653229841846e-06
6.55653229841846e-06
6.55653229841846e-06
6.55653229841846e-06
6.55653229841846e-06
6.55653229841846e-06
6.55653229841846e-06
6.55653229841846e-06
6.55653229841846e-06
6.437322554120328e-06
6.437322554120328e-06
6.437322554120328e-06
6.437322554120328e-06
6.437322554120328e-06
6.437322554120328e-06
6.437322554120328e-06
6.437322554120328e-06
6.437322554120328e-06
6.437322554120328e-06
6.437322554120328e-06
6.437322554120328e-06
6.437322554120328e-06
6.318112355074845e-06
6.318112355074845e-06
6.318112355074845e-06
6.318112355074845e-06
6.318112355074845e-06
6.318112355074845e-06
6.318112355074845e-06
6.318112355074845e-06
6.318112355074845e-06
6.318112355074845e-06
6.318112355074845e-06
6.318112355074845e-06
6.318112355074845e-06
6.318112355074845e-06
6.318112355074845e-06
6.318112355074845e-06
6.318112355074845e-06
6.318112355074845e-06
6.318112355074845e-06
6.318112355074845e-06
6.318112355074845e-06
6.318112355074845e-06
6.318112355074845e-06
6.318112355074845e-06
6.318112355074845e-06
6.318112355074845e-06
6.198902156029362e-06
6.198902156029362e-06
6.198902156029362e-06
6.198902156029362e-06
6.198902156029362e-06
6.198902156029362e-06
6.198902156029362e-06
6.198902156029362e-06
6.198902156029362e-06
6.198902156029362e-06
6.07969241173123e-06
6.07969241173123e-06
6.07969241173123e-06
6.07969241173123e-06
6.07969241173123e-06
6.07969241173123e-06
6.07969241173123e-06
6.07969241173123e-06
6.07969241173123e-06
6.07969241173123e-06
6.07969241173123e-06
6.07969241173123e-06
6.07969241173123e-06
6.07969241173123e-06
6.07969241173123e-06
6.07969241173123e-06
6.07969241173123e-06
5.960482212685747e-06
5.960482212685747e-06
5.960482212685747e-06
5.960482212685747e-06
5.960482212685747e-06
5.960482212685747e-06
5.960482212685747e-06
5.960482212685747e-06
5.960482212685747e-06
5.960482212685747e-06
5.960482212685747e-06
5.960482212685747e-06
5.960482212685747e-06
5.960482212685747e-06
5.960482212685747e-06
5.960482212685747e-06
5.960482212685747e-06
5.960482212685747e-06
5.960482212685747e-06
5.960482212685747e-06
5.960482212685747e-06
5.960482212685747e-06
5.960482212685747e-06
5.960482212685747e-06
5.960482212685747e-06
5.960482212685747e-06
5.960482212685747e-06
5.960482212685747e-06
5.841272468387615e-06
5.841272468387615e-06
5.841272468387615e-06
5.841272468387615e-06
5.841272468387615e-06
5.841272468387615e-06
5.841272468387615e-06
5.841272468387615e-06
5.841272468387615e-06
5.841272468387615e-06
5.841272468387615e-06
5.841272468387615e-06
5.841272468387615e-06
5.841272468387615e-06
5.841272468387615e-06
5.841272468387615e-06
5.841272468387615e-06
5.841272468387615e-06
5.841272468387615e-06
5.841272468387615e-06
5.841272468387615e-06
5.841272468387615e-06
5.722062269342132e-06
5.722062269342132e-06
5.722062269342132e-06
5.722062269342132e-06
5.722062269342132e-06
5.722062269342132e-06
5.722062269342132e-06
5.722062269342132e-06
5.722062269342132e-06
5.722062269342132e-06
5.722062269342132e-06
5.722062269342132e-06
5.722062269342132e-06
5.722062269342132e-06
5.722062269342132e-06
5.722062269342132e-06
5.722062269342132e-06
5.722062269342132e-06
5.602852525044e-06
5.602852525044e-06
5.602852525044e-06
5.602852525044e-06
5.602852525044e-06
5.602852525044e-06
5.602852525044e-06
5.602852525044e-06
5.602852525044e-06
5.602852525044e-06
5.602852525044e-06
5.602852525044e-06
5.602852525044e-06
5.602852525044e-06
5.602852525044e-06
5.602852525044e-06
5.602852525044e-06
5.602852525044e-06
5.602852525044e-06
5.602852525044e-06
5.602852525044e-06
5.602852525044e-06
5.602852525044e-06
5.602852525044e-06
5.602852525044e-06
5.602852525044e-06
5.602852525044e-06
5.483642325998517e-06
5.483642325998517e-06
5.483642325998517e-06
5.483642325998517e-06
5.483642325998517e-06
5.483642325998517e-06
5.483642325998517e-06
5.483642325998517e-06
5.483642325998517e-06
5.483642325998517e-06
5.483642325998517e-06
5.483642325998517e-06
5.483642325998517e-06
5.483642325998517e-06
5.483642325998517e-06
5.483642325998517e-06
5.483642325998517e-06
5.483642325998517e-06
5.483642325998517e-06
5.364432581700385e-06
5.364432581700385e-06
5.364432581700385e-06
5.364432581700385e-06
5.364432581700385e-06
5.364432581700385e-06
5.364432581700385e-06
5.364432581700385e-06
5.364432581700385e-06
5.364432581700385e-06
5.364432581700385e-06
5.364432581700385e-06
5.364432581700385e-06
5.364432581700385e-06
5.364432581700385e-06
5.364432581700385e-06
5.364432581700385e-06
5.364432581700385e-06
5.364432581700385e-06
5.364432581700385e-06
5.364432581700385e-06
5.364432581700385e-06
5.364432581700385e-06
5.364432581700385e-06
5.364432581700385e-06
5.364432581700385e-06
5.364432581700385e-06
5.364432581700385e-06
5.364432581700385e-06
5.245222382654902e-06
5.245222382654902e-06
5.245222382654902e-06
5.245222382654902e-06
5.245222382654902e-06
5.245222382654902e-06
5.245222382654902e-06
5.245222382654902e-06
5.245222382654902e-06
5.245222382654902e-06
5.245222382654902e-06
5.245222382654902e-06
5.245222382654902e-06
5.245222382654902e-06
5.245222382654902e-06
5.245222382654902e-06
5.245222382654902e-06
5.245222382654902e-06
5.245222382654902e-06
5.245222382654902e-06
5.245222382654902e-06
5.245222382654902e-06
5.245222382654902e-06
5.245222382654902e-06
5.245222382654902e-06
5.245222382654902e-06
5.245222382654902e-06
5.245222382654902e-06
5.245222382654902e-06
5.1260126383567695e-06
5.1260126383567695e-06
5.1260126383567695e-06
5.1260126383567695e-06
5.1260126383567695e-06
5.1260126383567695e-06
5.1260126383567695e-06
5.1260126383567695e-06
5.1260126383567695e-06
5.1260126383567695e-06
5.1260126383567695e-06
5.1260126383567695e-06
5.1260126383567695e-06
5.1260126383567695e-06
5.006802894058637e-06
5.006802894058637e-06
5.006802894058637e-06
5.006802894058637e-06
5.006802894058637e-06
5.006802894058637e-06
5.006802894058637e-06
5.006802894058637e-06
5.006802894058637e-06
5.006802894058637e-06
5.006802894058637e-06
5.006802894058637e-06
5.006802894058637e-06
5.006802894058637e-06
5.006802894058637e-06
5.006802894058637e-06
5.006802894058637e-06
5.006802894058637e-06
5.006802894058637e-06
5.006802894058637e-06
5.006802894058637e-06
5.006802894058637e-06
5.006802894058637e-06
5.006802894058637e-06
5.006802894058637e-06
5.006802894058637e-06
5.006802894058637e-06
5.006802894058637e-06
5.006802894058637e-06
5.006802894058637e-06
5.006802894058637e-06
5.006802894058637e-06
5.006802894058637e-06
5.006802894058637e-06
5.006802894058637e-06
5.006802894058637e-06
5.006802894058637e-06
5.006802894058637e-06
5.006802894058637e-06
5.006802894058637e-06
5.006802894058637e-06
5.006802894058637e-06
5.006802894058637e-06
5.006802894058637e-06
4.887592695013154e-06
4.887592695013154e-06
4.887592695013154e-06
4.887592695013154e-06
4.887592695013154e-06
4.887592695013154e-06
4.887592695013154e-06
4.887592695013154e-06
4.887592695013154e-06
4.887592695013154e-06
4.887592695013154e-06
4.887592695013154e-06
4.887592695013154e-06
4.887592695013154e-06
4.887592695013154e-06
4.887592695013154e-06
4.887592695013154e-06
4.887592695013154e-06
4.768382950715022e-06
4.768382950715022e-06
4.768382950715022e-06
4.768382950715022e-06
4.768382950715022e-06
4.768382950715022e-06
4.768382950715022e-06
4.768382950715022e-06
4.768382950715022e-06
4.768382950715022e-06
4.768382950715022e-06
4.768382950715022e-06
4.768382950715022e-06
4.768382950715022e-06
4.768382950715022e-06
4.768382950715022e-06
4.768382950715022e-06
4.768382950715022e-06
4.768382950715022e-06
4.768382950715022e-06
4.768382950715022e-06
4.768382950715022e-06
4.768382950715022e-06
4.768382950715022e-06
4.768382950715022e-06
4.768382950715022e-06
4.768382950715022e-06
4.768382950715022e-06
4.768382950715022e-06
4.768382950715022e-06
4.64917320641689e-06
4.64917320641689e-06
4.64917320641689e-06
4.64917320641689e-06
4.64917320641689e-06
4.64917320641689e-06
4.64917320641689e-06
4.64917320641689e-06
4.64917320641689e-06
4.64917320641689e-06
4.64917320641689e-06
4.64917320641689e-06
4.64917320641689e-06
4.64917320641689e-06
4.64917320641689e-06
4.64917320641689e-06
4.64917320641689e-06
4.64917320641689e-06
4.64917320641689e-06
4.64917320641689e-06
4.64917320641689e-06
4.64917320641689e-06
4.64917320641689e-06
4.64917320641689e-06
4.64917320641689e-06
4.64917320641689e-06
4.64917320641689e-06
4.64917320641689e-06
4.64917320641689e-06
4.64917320641689e-06
4.64917320641689e-06
4.64917320641689e-06
4.64917320641689e-06
4.64917320641689e-06
4.64917320641689e-06
4.529963462118758e-06
4.529963462118758e-06
4.529963462118758e-06
4.529963462118758e-06
4.529963462118758e-06
4.529963462118758e-06
4.529963462118758e-06
4.529963462118758e-06
4.529963462118758e-06
4.529963462118758e-06
4.529963462118758e-06
4.529963462118758e-06
4.529963462118758e-06
4.529963462118758e-06
4.529963462118758e-06
4.529963462118758e-06
4.529963462118758e-06
4.529963462118758e-06
4.529963462118758e-06
4.529963462118758e-06
4.529963462118758e-06
4.529963462118758e-06
4.529963462118758e-06
4.529963462118758e-06
4.529963462118758e-06
4.529963462118758e-06
4.529963462118758e-06
4.529963462118758e-06
4.529963462118758e-06
4.529963462118758e-06
4.529963462118758e-06
4.529963462118758e-06
4.529963462118758e-06
4.529963462118758e-06
4.529963462118758e-06
4.529963462118758e-06
4.529963462118758e-06
4.529963462118758e-06
4.529963462118758e-06
4.529963462118758e-06
4.529963462118758e-06
4.529963462118758e-06
4.529963462118758e-06
4.529963462118758e-06
4.410753263073275e-06
4.410753263073275e-06
4.410753263073275e-06
4.410753263073275e-06
4.410753263073275e-06
4.410753263073275e-06
4.410753263073275e-06
4.410753263073275e-06
4.410753263073275e-06
4.410753263073275e-06
4.410753263073275e-06
4.410753263073275e-06
4.410753263073275e-06
4.410753263073275e-06
4.410753263073275e-06
4.410753263073275e-06
4.410753263073275e-06
4.410753263073275e-06
4.410753263073275e-06
4.410753263073275e-06
4.410753263073275e-06
4.410753263073275e-06
4.291543518775143e-06
4.291543518775143e-06
4.291543518775143e-06
4.291543518775143e-06
4.291543518775143e-06
4.291543518775143e-06
4.291543518775143e-06
4.291543518775143e-06
4.291543518775143e-06
4.291543518775143e-06
4.291543518775143e-06
4.291543518775143e-06
4.291543518775143e-06
4.291543518775143e-06
4.291543518775143e-06
4.291543518775143e-06
4.291543518775143e-06
4.291543518775143e-06
4.291543518775143e-06
4.291543518775143e-06
4.291543518775143e-06
4.291543518775143e-06
4.291543518775143e-06
4.291543518775143e-06
4.291543518775143e-06
4.291543518775143e-06
4.291543518775143e-06
4.291543518775143e-06
4.291543518775143e-06
4.291543518775143e-06
4.291543518775143e-06
4.291543518775143e-06
4.291543518775143e-06
4.291543518775143e-06
4.291543518775143e-06
4.291543518775143e-06
4.291543518775143e-06
4.291543518775143e-06
4.291543518775143e-06
4.291543518775143e-06
4.291543518775143e-06
4.291543518775143e-06
4.172333774477011e-06
4.172333774477011e-06
4.172333774477011e-06
4.172333774477011e-06
4.172333774477011e-06
4.172333774477011e-06
4.172333774477011e-06
4.172333774477011e-06
4.172333774477011e-06
4.172333774477011e-06
4.172333774477011e-06
4.172333774477011e-06
4.172333774477011e-06
4.172333774477011e-06
4.172333774477011e-06
4.172333774477011e-06
4.172333774477011e-06
4.172333774477011e-06
4.172333774477011e-06
4.172333774477011e-06
4.172333774477011e-06
4.172333774477011e-06
4.172333774477011e-06
4.172333774477011e-06
4.172333774477011e-06
4.172333774477011e-06
4.172333774477011e-06
4.172333774477011e-06
4.172333774477011e-06
4.172333774477011e-06
4.172333774477011e-06
4.172333774477011e-06
4.172333774477011e-06
4.172333774477011e-06
4.172333774477011e-06
4.172333774477011e-06
4.172333774477011e-06
4.172333774477011e-06
4.172333774477011e-06
4.172333774477011e-06
4.172333774477011e-06
4.172333774477011e-06
4.172333774477011e-06
4.172333774477011e-06
4.172333774477011e-06
4.0531240301788785e-06
4.0531240301788785e-06
4.0531240301788785e-06
4.0531240301788785e-06
4.0531240301788785e-06
4.0531240301788785e-06
4.0531240301788785e-06
4.0531240301788785e-06
4.0531240301788785e-06
4.0531240301788785e-06
4.0531240301788785e-06
4.0531240301788785e-06
4.0531240301788785e-06
4.0531240301788785e-06
4.0531240301788785e-06
4.0531240301788785e-06
4.0531240301788785e-06
4.0531240301788785e-06
4.0531240301788785e-06
4.0531240301788785e-06
4.0531240301788785e-06
4.0531240301788785e-06
4.0531240301788785e-06
4.0531240301788785e-06
4.0531240301788785e-06
4.0531240301788785e-06
4.0531240301788785e-06
4.0531240301788785e-06
4.0531240301788785e-06
4.0531240301788785e-06
4.0531240301788785e-06
4.0531240301788785e-06
4.0531240301788785e-06
4.0531240301788785e-06
4.0531240301788785e-06
4.0531240301788785e-06
4.0531240301788785e-06
4.0531240301788785e-06
3.933914285880746e-06
3.933914285880746e-06
3.933914285880746e-06
3.933914285880746e-06
3.933914285880746e-06
3.933914285880746e-06
3.933914285880746e-06
3.933914285880746e-06
3.933914285880746e-06
3.933914285880746e-06
3.933914285880746e-06
3.933914285880746e-06
3.933914285880746e-06
3.933914285880746e-06
3.933914285880746e-06
3.933914285880746e-06
3.933914285880746e-06
3.933914285880746e-06
3.933914285880746e-06
3.933914285880746e-06
3.933914285880746e-06
3.933914285880746e-06
3.933914285880746e-06
3.933914285880746e-06
3.933914285880746e-06
3.933914285880746e-06
3.933914285880746e-06
3.933914285880746e-06
3.933914285880746e-06
3.933914285880746e-06
3.933914285880746e-06
3.933914285880746e-06
3.933914285880746e-06
3.933914285880746e-06
3.933914285880746e-06
3.933914285880746e-06
3.933914285880746e-06
3.933914285880746e-06
3.933914285880746e-06
3.933914285880746e-06
3.933914285880746e-06
3.933914285880746e-06
3.814704541582614e-06
3.814704541582614e-06
3.814704541582614e-06
3.814704541582614e-06
3.814704541582614e-06
3.814704541582614e-06
3.814704541582614e-06
3.814704541582614e-06
3.814704541582614e-06
3.814704541582614e-06
3.814704541582614e-06
3.814704541582614e-06
3.814704541582614e-06
3.814704541582614e-06
3.814704541582614e-06
3.814704541582614e-06
3.814704541582614e-06
3.814704541582614e-06
3.814704541582614e-06
3.814704541582614e-06
3.814704541582614e-06
3.814704541582614e-06
3.814704541582614e-06
3.814704541582614e-06
3.814704541582614e-06
3.814704541582614e-06
3.814704541582614e-06
3.814704541582614e-06
3.814704541582614e-06
3.814704541582614e-06
3.814704541582614e-06
3.814704541582614e-06
3.814704541582614e-06
3.814704541582614e-06
3.814704541582614e-06
3.814704541582614e-06
3.814704541582614e-06
3.814704541582614e-06
3.814704541582614e-06
3.814704541582614e-06
3.814704541582614e-06
3.814704541582614e-06
3.814704541582614e-06
3.814704541582614e-06
3.814704541582614e-06
3.814704541582614e-06
3.814704541582614e-06
3.695494797284482e-06
3.695494797284482e-06
3.695494797284482e-06
3.695494797284482e-06
3.695494797284482e-06
3.695494797284482e-06
3.695494797284482e-06
3.695494797284482e-06
3.695494797284482e-06
3.695494797284482e-06
3.695494797284482e-06
3.695494797284482e-06
3.695494797284482e-06
3.695494797284482e-06
3.695494797284482e-06
3.695494797284482e-06
3.695494797284482e-06
3.695494797284482e-06
3.695494797284482e-06
3.695494797284482e-06
3.695494797284482e-06
3.695494797284482e-06
3.695494797284482e-06
3.695494797284482e-06
3.695494797284482e-06
3.695494797284482e-06
3.695494797284482e-06
3.695494797284482e-06
3.695494797284482e-06
3.695494797284482e-06
3.695494797284482e-06
3.695494797284482e-06
3.695494797284482e-06
3.695494797284482e-06
3.695494797284482e-06
3.695494797284482e-06
3.695494797284482e-06
3.695494797284482e-06
3.695494797284482e-06
3.695494797284482e-06
3.695494797284482e-06
3.695494797284482e-06
3.695494797284482e-06
3.695494797284482e-06
3.695494797284482e-06
3.695494797284482e-06
3.695494797284482e-06
3.695494797284482e-06
3.695494797284482e-06
3.695494797284482e-06
3.695494797284482e-06
3.695494797284482e-06
3.695494797284482e-06
3.695494797284482e-06
3.695494797284482e-06
3.57628505298635e-06
3.57628505298635e-06
3.57628505298635e-06
3.57628505298635e-06
3.57628505298635e-06
3.57628505298635e-06
3.57628505298635e-06
3.57628505298635e-06
3.57628505298635e-06
3.57628505298635e-06
3.57628505298635e-06
3.57628505298635e-06
3.57628505298635e-06
3.57628505298635e-06
3.57628505298635e-06
3.57628505298635e-06
3.57628505298635e-06
3.57628505298635e-06
3.57628505298635e-06
3.57628505298635e-06
3.57628505298635e-06
3.57628505298635e-06
3.57628505298635e-06
3.57628505298635e-06
3.57628505298635e-06
3.57628505298635e-06
3.57628505298635e-06
3.57628505298635e-06
3.57628505298635e-06
3.57628505298635e-06
3.57628505298635e-06
3.57628505298635e-06
3.57628505298635e-06
3.57628505298635e-06
3.57628505298635e-06
3.57628505298635e-06
3.57628505298635e-06
3.57628505298635e-06
3.57628505298635e-06
3.57628505298635e-06
3.57628505298635e-06
3.57628505298635e-06
3.57628505298635e-06
3.57628505298635e-06
3.57628505298635e-06
3.57628505298635e-06
3.57628505298635e-06
3.57628505298635e-06
3.57628505298635e-06
3.57628505298635e-06
3.57628505298635e-06
3.57628505298635e-06
3.57628505298635e-06
3.57628505298635e-06
3.57628505298635e-06
3.57628505298635e-06
3.57628505298635e-06
3.4570753086882178e-06
3.4570753086882178e-06
3.4570753086882178e-06
3.4570753086882178e-06
3.4570753086882178e-06
3.4570753086882178e-06
3.4570753086882178e-06
3.4570753086882178e-06
3.4570753086882178e-06
3.4570753086882178e-06
3.4570753086882178e-06
3.4570753086882178e-06
3.4570753086882178e-06
3.4570753086882178e-06
3.4570753086882178e-06
3.4570753086882178e-06
3.4570753086882178e-06
3.4570753086882178e-06
3.4570753086882178e-06
3.4570753086882178e-06
3.4570753086882178e-06
3.4570753086882178e-06
3.4570753086882178e-06
3.4570753086882178e-06
3.4570753086882178e-06
3.4570753086882178e-06
3.4570753086882178e-06
3.4570753086882178e-06
3.4570753086882178e-06
3.4570753086882178e-06
3.4570753086882178e-06
3.4570753086882178e-06
3.4570753086882178e-06
3.4570753086882178e-06
3.4570753086882178e-06
3.4570753086882178e-06
3.4570753086882178e-06
3.4570753086882178e-06
3.4570753086882178e-06
3.4570753086882178e-06
3.4570753086882178e-06
3.4570753086882178e-06
3.4570753086882178e-06
3.4570753086882178e-06
3.4570753086882178e-06
3.4570753086882178e-06
3.337865791763761e-06
3.337865791763761e-06
3.337865791763761e-06
3.337865791763761e-06
3.337865791763761e-06
3.337865791763761e-06
3.337865791763761e-06
3.337865791763761e-06
3.337865791763761e-06
3.337865791763761e-06
3.337865791763761e-06
3.337865791763761e-06
3.337865791763761e-06
3.337865791763761e-06
3.337865791763761e-06
3.337865791763761e-06
3.337865791763761e-06
3.337865791763761e-06
3.337865791763761e-06
3.337865791763761e-06
3.337865791763761e-06
3.337865791763761e-06
3.337865791763761e-06
3.337865791763761e-06
3.337865791763761e-06
3.337865791763761e-06
3.337865791763761e-06
3.337865791763761e-06
3.337865791763761e-06
3.337865791763761e-06
3.337865791763761e-06
3.337865791763761e-06
3.337865791763761e-06
3.337865791763761e-06
3.337865791763761e-06
3.337865791763761e-06
3.337865791763761e-06
3.337865791763761e-06
3.337865791763761e-06
3.337865791763761e-06
3.337865791763761e-06
3.337865791763761e-06
3.337865791763761e-06
3.337865791763761e-06
3.337865791763761e-06
3.337865791763761e-06
3.337865791763761e-06
3.337865791763761e-06
3.337865791763761e-06
3.337865791763761e-06
3.337865791763761e-06
3.337865791763761e-06
3.337865791763761e-06
3.337865791763761e-06
3.337865791763761e-06
3.337865791763761e-06
3.337865791763761e-06
3.337865791763761e-06
3.337865791763761e-06
3.337865791763761e-06
3.337865791763761e-06
3.337865791763761e-06
3.337865791763761e-06
3.337865791763761e-06
3.337865791763761e-06
3.337865791763761e-06
3.337865791763761e-06
3.337865791763761e-06
3.337865791763761e-06
3.218656047465629e-06
3.218656047465629e-06
3.218656047465629e-06
3.218656047465629e-06
3.218656047465629e-06
3.218656047465629e-06
3.218656047465629e-06
3.218656047465629e-06
3.218656047465629e-06
3.218656047465629e-06
3.218656047465629e-06
3.218656047465629e-06
3.218656047465629e-06
3.218656047465629e-06
3.218656047465629e-06
3.218656047465629e-06
3.218656047465629e-06
3.218656047465629e-06
3.218656047465629e-06
3.218656047465629e-06
3.218656047465629e-06
3.218656047465629e-06
3.218656047465629e-06
3.218656047465629e-06
3.218656047465629e-06
3.218656047465629e-06
3.218656047465629e-06
3.218656047465629e-06
3.218656047465629e-06
3.218656047465629e-06
3.218656047465629e-06
3.218656047465629e-06
3.218656047465629e-06
3.218656047465629e-06
3.218656047465629e-06
3.218656047465629e-06
3.218656047465629e-06
3.218656047465629e-06
3.218656047465629e-06
3.218656047465629e-06
3.218656047465629e-06
3.218656047465629e-06
3.218656047465629e-06
3.218656047465629e-06
3.218656047465629e-06
3.218656047465629e-06
3.218656047465629e-06
3.218656047465629e-06
3.218656047465629e-06
3.218656047465629e-06
3.218656047465629e-06
3.218656047465629e-06
3.218656047465629e-06
3.218656047465629e-06
3.218656047465629e-06
3.218656047465629e-06
3.218656047465629e-06
3.218656047465629e-06
3.218656047465629e-06
3.099446303167497e-06
3.099446303167497e-06
3.099446303167497e-06
3.099446303167497e-06
3.099446303167497e-06
3.099446303167497e-06
