1.1397039890289307
0.02509545162320137
0.00590352900326252
0.0034768693149089813
0.0024169455282390118
0.0018276178743690252
0.0014544494915753603
0.0011994114611297846
0.0010145602282136679
0.0008760805940255523
0.0007677100948058069
0.0006810909835621715
0.0006106392247602344
0.0005524113075807691
0.0005032302578911185
0.00046145124360919
0.0004255929379723966
0.00039465067675337195
0.0003673225874081254
0.00034334190422669053
0.0003218245110474527
0.0003028548671863973
0.00028570712311193347
0.00027020135894417763
0.0002561397268436849
0.00024316506460309029
0.00023147612228058279
0.00022080569760873914
0.00021089165238663554
0.000201887683942914
0.00019349857757333666
0.00018563453340902925
0.00017833929450716823
0.00017170992214232683
0.00016529715503565967
0.00015945310587994754
0.0001538450305815786
0.00014872249448671937
0.00014375729369930923
0.00013911351561546326
0.00013484439114108682
0.00013070690329186618
0.0001267092884518206
0.00012320515816099942
0.00011966034071519971
0.00011628463107626885
0.00011319515760987997
0.00011010269372491166
0.00010726095933932811
0.00010445651423651725
0.00010191996989306062
9.947450598701835e-05
9.70032560871914e-05
9.47715452639386e-05
9.254176984541118e-05
9.053191752173007e-05
8.835038170218468e-05
8.655111014377326e-05
8.466377039439976e-05
8.28834599815309e-05
8.117334800772369e-05
7.951741281431168e-05
7.792199903633446e-05
7.633003406226635e-05
7.48893799027428e-05
7.346329221036285e-05
7.2004011599347e-05
7.068709237501025e-05
6.943484186194837e-05
6.815936649218202e-05
6.699524237774312e-05
6.574363214895129e-05
6.462605233537033e-05
6.351906631607562e-05
6.248799036256969e-05
6.137449236121029e-05
6.044339534128085e-05
5.947703175479546e-05
5.8508805523160845e-05
5.759400664828718e-05
5.66891030757688e-05
5.58273313799873e-05
5.49707910977304e-05
5.4174670367501676e-05
5.3291885706130415e-05
5.257218435872346e-05
5.180481821298599e-05
5.107091419631615e-05
5.039550524088554e-05
4.965613334206864e-05
4.899859050055966e-05
4.8285291995853186e-05
4.764858749695122e-05
4.703924059867859e-05
4.641400300897658e-05
4.5806344132870436e-05
4.518448258750141e-05
4.459817864699289e-05
4.4081029045628384e-05
4.349344817455858e-05
4.297449049772695e-05
4.247206379659474e-05
4.190048639429733e-05
4.140778037253767e-05
4.0923805499915034e-05
4.047998663736507e-05
3.997499879915267e-05
3.949579695472494e-05
3.907322388840839e-05
3.8588259485550225e-05
3.8155849324539304e-05
3.776016819756478e-05
3.732420736923814e-05
3.6915080272592604e-05
3.654442843981087e-05
3.6124998587183654e-05
3.57438693754375e-05
3.535168070811778e-05
3.502771141938865e-05
3.462882887106389e-05
3.4282034903299063e-05
3.3910626370925456e-05
3.357210516696796e-05
3.324353019706905e-05
3.292892506578937e-05
3.2598843972664326e-05
3.223820385755971e-05
3.19636455969885e-05
3.164467489114031e-05
3.135766746709123e-05
3.105522773694247e-05
3.0759307264816016e-05
3.04531458823476e-05
3.0183942726580426e-05
2.989908171002753e-05
2.9650134820258245e-05
2.935322845587507e-05
2.910707553382963e-05
2.881930413423106e-05
2.8578040655702353e-05
2.833252801792696e-05
2.809655779856257e-05
2.7838124879053794e-05
2.7584985218709335e-05
2.736490932875313e-05
2.7133832190884277e-05
2.6918176445178688e-05
2.667941589606926e-05
2.6461551897227764e-05
2.6235127734253183e-05
2.605119880172424e-05
2.580480941105634e-05
2.5597830244805664e-05
2.5398938305443153e-05
2.520895577617921e-05
2.4990680685732514e-05
2.4814198695821688e-05
2.4609489628346637e-05
2.4434113583993167e-05
2.421799217700027e-05
2.4048204068094492e-05
2.3854147002566606e-05
2.3675453121541068e-05
2.3498156224377453e-05
2.3319287720369175e-05
2.315072197234258e-05
2.2986172552919015e-05
2.2791065930505283e-05
2.2638041627942584e-05
2.2459233150584623e-05
2.2321573851513676e-05
2.214322921645362e-05
2.1989446395309642e-05
2.182181560783647e-05
2.1683397790184245e-05
2.1533400285989046e-05
2.138445051969029e-05
2.12206577998586e-05
2.1087016648380086e-05
2.094813680741936e-05
2.078416946460493e-05
2.065390071948059e-05
2.0509316527750343e-05
2.0373230654513463e-05
2.024046261794865e-05
2.0092034901608713e-05
1.9967414118582383e-05
1.9831211830023676e-05
1.971381061594002e-05
1.958488064701669e-05
1.9465500372461975e-05
1.9345538021298125e-05
1.921969305840321e-05
1.9090301066171378e-05
1.8959743101731874e-05
1.882837023003958e-05
1.8733786419034004e-05
1.8612889107316732e-05
1.8507420463720337e-05
1.8396420273347758e-05
