1.1397087574005127
0.025100693106651306
0.005906249396502972
0.0034766672179102898
0.0024159604217857122
0.0018270525615662336
0.001454447628930211
0.001199185149744153
0.001014873618260026
0.0008760198834352195
0.0007675131782889366
0.0006813469808548689
0.00061048474162817
0.0005524683510884643
0.0005033058114349842
0.0004613304336089641
0.00042562163434922695
0.00039457922684960067
0.00036733929300680757
0.00034340424463152885
0.00032194971572607756
0.0003029322251677513
0.00028577304328791797
0.00027015042724087834
0.0002560324501246214
0.00024314684560522437
0.00023139966651797295
0.0002207344223279506
0.00021085783373564482
0.0002018098603002727
0.0001933853782247752
0.00018560554599389434
0.00017839486827142537
0.00017169716011267155
0.00016528941341675818
0.0001593749038875103
0.000153885135659948
0.00014869729056954384
0.00014373389421962202
0.00013907067477703094
0.00013482285430654883
0.00013070038403384387
0.00012673449236899614
0.0001231769856531173
0.00011958078539464623
0.00011626369087025523
0.00011314853327348828
0.00011007720604538918
0.00010728191409725696
0.00010446099622640759
0.00010193970229011029
9.941223106579855e-05
9.701414091978222e-05
9.477225103182718e-05
9.25228523556143e-05
9.056690032593906e-05
8.839322254061699e-05
8.651211101096123e-05
8.457389776594937e-05
8.290342520922422e-05
8.114535012282431e-05
7.942591037135571e-05
7.7913558925502e-05
7.630465552210808e-05
7.488210394512862e-05
7.34596251277253e-05
7.19997042324394e-05
7.069966522976756e-05
6.938439037185162e-05
6.808982288930565e-05
6.696695345453918e-05
6.572832353413105e-05
6.457384733948857e-05
6.354281504172832e-05
6.247454439289868e-05
6.13988158875145e-05
6.0411264712456614e-05
5.9488847909960896e-05
5.845420673722401e-05
5.7566416217014194e-05
5.670342216035351e-05
5.5841708672232926e-05
5.494594370247796e-05
5.414796032710001e-05
5.327657709131017e-05
5.257084558252245e-05
5.175475962460041e-05
5.1090239139739424e-05
5.0333343097008765e-05
4.9660731747280806e-05
4.899981286143884e-05
4.827877273783088e-05
4.76268760394305e-05
4.700972931459546e-05
4.638519021682441e-05
4.578387597575784e-05
4.5181921450421214e-05
4.462448850972578e-05
4.406089283293113e-05
4.347552021499723e-05
4.297123086871579e-05
4.2434403439983726e-05
4.19258649344556e-05
4.140946839470416e-05
4.094283940503374e-05
4.042778164148331e-05
3.9962949813343585e-05
3.949079109588638e-05
3.906140773324296e-05
3.8592799683101475e-05
3.816079697571695e-05
3.773828211706132e-05
3.7311750929802656e-05
3.6925674066878855e-05
3.655164618976414e-05
3.6096076655667275e-05
3.5731587558984756e-05
3.534981806296855e-05
3.500687307678163e-05
3.4619690268300474e-05
3.426957846386358e-05
3.394491068320349e-05
3.356471279403195e-05
3.323567216284573e-05
3.293497866252437e-05
3.260710946051404e-05
3.225263935746625e-05
3.1967079848982394e-05
3.162884240737185e-05
3.134096186840907e-05
3.103153721895069e-05
3.0754068575333804e-05
3.0444181902566925e-05
3.01786458294373e-05
2.988563574035652e-05
2.9644430469488725e-05
2.9353810532484204e-05
2.9097645892761648e-05
2.8805450710933656e-05
2.858287189155817e-05
2.833083999576047e-05
2.8095046218368225e-05
2.7827300073113292e-05
2.7582656912272796e-05
2.7357749786460772e-05
2.71261487796437e-05
2.69113079411909e-05
2.6665737095754594e-05
2.6454974431544542e-05
2.6241588784614578e-05
2.6043049729196355e-05
2.5796138288569637e-05
2.5612149329390377e-05
2.5399287551408634e-05
2.5195742637151852e-05
2.499935362720862e-05
2.4792430849629454e-05
2.4610479158582166e-05
2.4442611902486533e-05
2.4221310013672337e-05
2.4021141143748537e-05
2.3838372726459056e-05
2.367498746025376e-05
2.350211434531957e-05
2.331567884539254e-05
2.3162712750490755e-05
2.296964157721959e-05
2.279874934174586e-05
2.2640719180344604e-05
2.246121221105568e-05
2.231284452136606e-05
2.2127514966996387e-05
2.198141737608239e-05
2.1837819076608866e-05
2.1677227778127417e-05
2.1519488655030727e-05
2.1362040570238605e-05
2.1221065253484994e-05
2.108742410200648e-05
2.0944353309459984e-05
2.07883604161907e-05
2.0659197616623715e-05
2.052485797321424e-05
2.0375558960950002e-05
2.022416447289288e-05
2.010338539548684e-05
1.996654100366868e-05
1.9836392311844975e-05
1.9709386833710596e-05
1.9580980733735487e-05
1.9469749531708658e-05
1.9347051420481876e-05
1.9216608052374795e-05
1.9093909941148013e-05
1.8946648197015747e-05
1.8833259673556313e-05
1.872715074568987e-05
1.8614286091178656e-05
1.8505732441553846e-05
1.8403636204311624e-05
