1.1395869255065918
0.025091802701354027
0.005879824049770832
0.003462999127805233
0.0024099641013890505
0.0018239120254293084
0.0014516923110932112
0.001197919133119285
0.001013764995150268
0.0008749393164180219
0.0007666794117540121
0.0006803768337704241
0.0006099516176618636
0.000551548320800066
0.0005026786238886416
0.000461122312117368
0.00042528240010142326
0.0003939938615076244
0.0003666591946966946
0.00034272862831130624
0.0003214312018826604
0.0003023387980647385
0.0002852166653610766
0.00026970868930220604
0.0002556282561272383
0.00024289102293550968
0.00023121442063711584
0.00022056879242882133
0.00021074854885227978
0.00020175673125777394
0.00019334361422806978
0.00018557492876425385
0.00017834383470471948
0.00017147391918115318
0.00016503612278029323
0.00015926151536405087
0.0001537967473268509
0.00014852217282168567
0.0001436099410057068
0.00013916825992055237
0.00013467337703332305
0.00013062721700407565
0.0001268892956431955
0.00012305902782827616
0.00011956477828789502
0.00011624372564256191
0.0001131719327531755
0.00011007982539013028
0.0001072920422302559
0.00010452485003042966
0.00010187870066147298
9.939540905179456e-05
9.700639930088073e-05
9.475053229834884e-05
9.254828910343349e-05
9.047733328770846e-05
8.837523637339473e-05
8.64916219143197e-05
8.461155812256038e-05
8.281605551019311e-05
8.11128702480346e-05
7.945617835503072e-05
7.787055801600218e-05
7.640097464900464e-05
7.487389666493982e-05
7.342347817029804e-05
7.206705049611628e-05
7.069756975397468e-05
6.939323793631047e-05
6.808988109696656e-05
6.694873445667326e-05
6.576108717126772e-05
6.463681347668171e-05
6.352605123538524e-05
6.246505654416978e-05
6.14615564700216e-05
6.04388551437296e-05
5.9446530940476805e-05
5.849978333571926e-05
5.7532426581019536e-05
5.671145481755957e-05
5.585626058746129e-05
5.494018114404753e-05
5.414696715888567e-05
5.3362426115199924e-05
5.25490177096799e-05
5.18368833581917e-05
5.1107461331412196e-05
5.0365590141154826e-05
4.967946733813733e-05
4.893194272881374e-05
4.833272396354005e-05
4.763432662002742e-05
4.7019682824611664e-05
4.6393630327656865e-05
4.580226959660649e-05
4.523563984548673e-05
4.460690979612991e-05
4.404488572617993e-05
4.351783718448132e-05
4.293671372579411e-05
4.246699973009527e-05
4.1939136281143874e-05
4.142652323935181e-05
4.093544703209773e-05
4.045217065140605e-05
3.9990656659938395e-05
3.9547074266010895e-05
3.902921889675781e-05
3.859070420730859e-05
3.817430115304887e-05
3.776808443944901e-05
3.73249058611691e-05
3.689977529575117e-05
3.654285683296621e-05
3.615392779465765e-05
3.5761971957981586e-05
3.5357094020582736e-05
3.498667501844466e-05
3.462871245574206e-05
3.430159267736599e-05
3.392616781638935e-05
3.36008524755016e-05
3.324108547531068e-05
3.291734174126759e-05
3.2641277357470244e-05
3.230472793802619e-05
3.1957708415575325e-05
3.164560621371493e-05
3.136301529593766e-05
3.104923234786838e-05
3.076245047850534e-05
3.0473631341010332e-05
3.0214850994525477e-05
2.991485598613508e-05
2.9602233553305268e-05
2.934921212727204e-05
2.9111090043443255e-05
2.8857717552455142e-05
2.8595735784620047e-05
2.8339978598523885e-05
2.810645310091786e-05
2.785523611237295e-05
2.7588826924329624e-05
2.7369100280338898e-05
2.715705704758875e-05
2.6925219572149217e-05
2.6668123609852046e-05
2.6456196792423725e-05
2.6257654099026695e-05
2.603711254778318e-05
2.5851724785752594e-05
2.5604873371776193e-05
2.539975321269594e-05
2.5189281586790457e-05
2.5012159312609583e-05
2.4822347768349573e-05
2.4596567527623847e-05
2.4397151719313115e-05
2.421432509436272e-05
2.406025305390358e-05
2.3877488274592906e-05
2.367714114370756e-05
2.3512417101301253e-05
2.3315620637731627e-05
2.315206074854359e-05
2.298355320817791e-05
2.2802414605394006e-05
2.2636937501374632e-05
2.2485484805656597e-05
2.232657789136283e-05
2.2156149498187006e-05
2.1986768842907622e-05
2.1827228920301422e-05
2.1684270905097947e-05
2.1544343326240778e-05
2.1399351680884138e-05
2.1231368009466678e-05
2.1067342458991334e-05
2.0937193767167628e-05
2.0805706299142912e-05
2.0667928765760735e-05
2.0520725229289383e-05
2.037753802142106e-05
2.0244013285264373e-05
2.011351170949638e-05
1.9992792658740655e-05
1.9854029233101755e-05
1.970746598090045e-05
1.958825669134967e-05
1.9474231521598995e-05
1.934693136718124e-05
1.9219984096707776e-05
1.908913691295311e-05
1.897213951451704e-05
1.8874470697483048e-05
1.8738850485533476e-05
1.8642283976078033e-05
1.8489608919480816e-05
1.8385999283054844e-05
