1.1396410465240479
0.025091690942645073
0.005887371953576803
0.0034698755480349064
0.0024142474867403507
0.001826783292926848
0.0014543115394189954
0.0011990799102932215
0.0010153675684705377
0.0008761921199038625
0.0007678874535486102
0.0006814294029027224
0.0006109339301474392
0.0005521987332031131
0.0005033363704569638
0.00046143613872118294
0.000425653561251238
0.0003943622577935457
0.00036709249252453446
0.0003430548822507262
0.00032148859463632107
0.00030273201991803944
0.00028530534473247826
0.0002699118049349636
0.00025582811213098466
0.00024309557920787483
0.00023145070008467883
0.0002207466313848272
0.00021096823911648244
0.00020181003492325544
0.00019343655731063336
0.00018559786258265376
0.00017829575517680496
0.00017162959557026625
0.00016533526650164276
0.00015937215357553214
0.00015378260286524892
0.00014864472905173898
0.00014371573342941701
0.00013927652616985142
0.00013489663251675665
0.00013074238086119294
0.00012673914898186922
0.00012314750347286463
0.00011961133714066818
0.00011636949784588069
0.00011313485447317362
0.00011020337842637673
0.00010727142944233492
0.00010458449833095074
0.0001019764895318076
9.952153777703643e-05
9.70858964137733e-05
9.481927554588765e-05
9.262836829293519e-05
9.053360554389656e-05
8.846893615555018e-05
8.658823935547844e-05
8.464275742881e-05
8.293392602354288e-05
8.116193930618465e-05
7.945606193970889e-05
7.79541878728196e-05
7.63164134696126e-05
7.493402517866343e-05
7.345956692006439e-05
7.209206523839384e-05
7.076753536239266e-05
6.936518184375018e-05
6.820476846769452e-05
6.697027129121125e-05
6.577289605047554e-05
6.46514818072319e-05
6.359968392644078e-05
6.247250712476671e-05
6.147698150016367e-05
6.0450380260590464e-05
5.9519872593227774e-05
5.85648522246629e-05
5.760075873695314e-05
5.675545980921015e-05
5.583454912994057e-05
5.5008858907967806e-05
5.41972549399361e-05
5.338483606465161e-05
5.262096237856895e-05
5.1824077672790736e-05
5.10948957526125e-05
5.037338996771723e-05
4.969727888237685e-05
4.900097701465711e-05
4.8340407374780625e-05
4.768618964590132e-05
4.7055946197360754e-05
4.641551640816033e-05
4.579813685268164e-05
4.522359085967764e-05
4.466040263650939e-05
4.412049020174891e-05
4.353815165814012e-05
4.299451393308118e-05
4.2464089347049594e-05
4.1952931496780366e-05
4.1436185711063445e-05
4.096251359442249e-05
4.0482373151462525e-05
3.998215834144503e-05
3.954026396968402e-05
3.9077298424672335e-05
3.865687904180959e-05
3.8200843846425414e-05
3.77494579879567e-05
3.736955113708973e-05
3.697119245771319e-05
3.6549725336954e-05
3.616644244175404e-05
3.575778100639582e-05
3.540953912306577e-05
3.501473111100495e-05
3.4657052310649306e-05
3.4302873245906085e-05
3.392692451598123e-05
3.357477908139117e-05
3.325098077766597e-05
3.297776129329577e-05
3.261566598666832e-05
3.230327274650335e-05
3.19675455102697e-05
3.1673138437327e-05
3.1359293643618e-05
3.106814983766526e-05
3.080668830079958e-05
3.04713066725526e-05
3.0194303690223023e-05
2.993063026224263e-05
2.967522232211195e-05
2.940689228125848e-05
2.9105620342306793e-05
2.8850445232819766e-05
2.8621983801713213e-05
2.8361628210404888e-05
2.8101272619096562e-05
2.7871068596141413e-05
2.7608850359683856e-05
2.738237162702717e-05
2.7143552870256826e-05
2.692108682822436e-05
2.6691814127843827e-05
2.648279769346118e-05
2.6266501663485542e-05
2.6047240680782124e-05
2.583117748145014e-05
2.5608365831431e-05
2.5424375053262338e-05
2.524684532545507e-05
2.5038876628968865e-05
2.482566560502164e-05
2.4618162569822744e-05
2.444069104967639e-05
2.4228818801930174e-05
2.4049020794336684e-05
2.3871434677857906e-05
2.3697688448010013e-05
2.353319723624736e-05
2.3307879018830135e-05
2.3144202714320272e-05
2.2986463591223583e-05
2.2813299437984824e-05
2.2668831661576405e-05
2.2498519683722407e-05
2.231877988378983e-05
2.2157837520353496e-05
2.200248491135426e-05
2.1863314032088965e-05
2.1700918296119198e-05
2.1525949705392122e-05
2.1405521692940965e-05
2.124888851540163e-05
2.1098541765240952e-05
2.095232775900513e-05
2.081327147607226e-05
2.066199158434756e-05
2.0542902348097414e-05
2.0408562704687938e-05
2.024616696871817e-05
2.011671313084662e-05
1.9977134797954932e-05
1.9860781321767718e-05
1.974081897060387e-05
1.9603448890848085e-05
1.9493556465022266e-05
1.9367013010196388e-05
1.924018215504475e-05
1.909571437863633e-05
1.896759931696579e-05
1.8854912923416123e-05
1.874309964478016e-05
1.8653227016329765e-05
1.8540831661084667e-05
1.839682590798475e-05
