0.35001230239868164
0.3524933457374573
0.3548213839530945
0.3561288118362427
0.3532922565937042
0.3590758442878723
0.35129985213279724
0.35205554962158203
0.4962507486343384
0.5736306309700012
0.5385496020317078
0.6164788007736206
0.49972426891326904
0.5206005573272705
0.6359061002731323
0.7166966199874878
0.26464179158210754
0.2516840398311615
0.2586832344532013
0.26832884550094604
0.2508698105812073
0.25070542097091675
0.24942104518413544
0.2432510256767273
0.15854841470718384
0.14401379227638245
0.176773339509964
0.17244678735733032
0.16050881147384644
0.1869819164276123
0.18853434920310974
0.17315581440925598
0.15488073229789734
0.15636977553367615
0.16676399111747742
0.14215752482414246
0.1540391743183136
0.15033024549484253
0.15330906212329865
0.13667534291744232
0.14914292097091675
0.16025429964065552
0.16977253556251526
0.143087238073349
0.11812388151884079
0.1561332643032074
0.13438180088996887
0.13725903630256653
0.149160236120224
0.1372717320919037
0.10981760174036026
0.15010695159435272
0.1396932750940323
0.15590620040893555
0.1277257800102234
0.14251825213432312
0.13046985864639282
0.12936994433403015
0.13931585848331451
0.14569151401519775
0.14169827103614807
0.14595980942249298
0.15929928421974182
0.14691543579101562
0.12774351239204407
0.11723744124174118
0.14439886808395386
0.1445593535900116
0.13703513145446777
0.13868701457977295
0.11000621318817139
0.14171245694160461
0.145088791847229
0.14126358926296234
0.16590845584869385
0.141097754240036
0.14602717757225037
0.14505304396152496
0.1355392336845398
0.14835689961910248
