0.35001230239868164
0.3439013957977295
0.35838356614112854
0.3452812433242798
0.35745054483413696
0.35593879222869873
0.3578907549381256
0.34849268198013306
0.5256631970405579
0.5111658573150635
0.46378546953201294
0.543496310710907
0.689944863319397
0.5277172327041626
0.6450138688087463
0.3822820782661438
0.23097339272499084
0.22698768973350525
0.2222544252872467
0.21735481917858124
0.22653044760227203
0.2189963161945343
0.22526395320892334
0.21898777782917023
0.20209921896457672
0.17498385906219482
0.1959933191537857
0.15097582340240479
0.2258092761039734
0.1920301616191864
0.1540537327528
0.14241738617420197
0.1544642150402069
0.1698133647441864
0.15879365801811218
0.16048119962215424
0.1518484354019165
0.1616160273551941
0.1887420117855072
0.1474801003932953
0.13674983382225037
0.14829084277153015
0.14899151027202606
0.15632940828800201
0.13604477047920227
0.1491532176733017
0.13523563742637634
0.1422005295753479
0.15539033710956573
0.14302022755146027
0.12560850381851196
0.14938655495643616
0.1672697514295578
0.1537615954875946
0.14432701468467712
0.15326380729675293
0.15689730644226074
0.15973256528377533
0.14864666759967804
0.15085184574127197
0.14478600025177002
0.14404983818531036
0.13721510767936707
0.1548650562763214
0.134950190782547
0.1467134803533554
0.16176466643810272
0.1512288749217987
0.13461709022521973
0.13407078385353088
0.12409548461437225
0.16284379363059998
0.15529021620750427
0.11373639851808548
0.15749473869800568
0.17185021936893463
0.14064636826515198
0.15299400687217712
0.13742786645889282
0.13383665680885315
0.1438177525997162
0.14417286217212677
0.15712568163871765
0.1421508491039276
0.15634280443191528
0.15923719108104706
0.12410581111907959
0.1205115094780922
0.14649635553359985
0.14307421445846558
0.12980350852012634
0.17106536030769348
0.152164027094841
0.11624599993228912
0.08956818282604218
0.1406295895576477
0.14398279786109924
0.11692547053098679
0.15055763721466064
0.13371723890304565
0.12782426178455353
0.1727350652217865
0.13379710912704468
0.12750141322612762
0.13498754799365997
0.17026126384735107
0.1517399251461029
0.1524524837732315
0.12641702592372894
0.12750211358070374
0.13614144921302795
0.1359630823135376
0.1569117307662964
0.11525175720453262
0.15075239539146423
0.15792085230350494
0.1434158980846405
0.1259901225566864
0.14589166641235352
0.14492736756801605
